Pore File
6
Pore ID
X (m)
Y (m)
Z (m)
Radius (m)
Grain type (1,2,...)
     1   0.22000000   0.05500000   0.05500000   0.23656395      1
     2   1.15500000   0.46750000   0.05500000   0.31233996      1
     3   1.73250000   0.05500000   0.05500000   0.21478187      1
     4   2.47500000   0.05500000   0.05500000   0.28446220      1
     5   2.06250000   0.66000000   0.05500000   0.24287341      1
     6   0.68750000   1.21000000   0.05500000   0.19445436      1
     7   1.48500000   1.21000000   0.05500000   0.22341106      1
     8   2.72250000   1.37500000   0.22000000   0.12298374      1
     9   0.08250000   1.67750000   0.05500000   0.16727597      1
    10   1.81500000   1.92500000   0.05500000   0.36689577      1
    11   2.58500000   1.98000000   0.05500000   0.20020302      1
    12   0.74250000   2.03500000   0.05500000   0.16500000      1
    13   1.34750000   2.53000000   0.05500000   0.21653521      1
    14   0.57750000   2.72250000   0.05500000   0.11338540      1
    15   2.11750000   2.72250000   0.05500000   0.00001000      1
    16   0.41250000   0.90750000   0.35750000   0.12602083      1
    17   2.72250000   2.44750000   0.38500000   0.18651408      1
    18   2.72250000   0.71500000   0.38500000   0.00001000      1
    19   0.44000000   2.50250000   0.60500000   0.19638928      1
    20   0.52250000   1.67750000   0.49500000   0.33568027      1
    21   0.05500000   1.73250000   0.52250000   0.05500000      1
    22   0.02750000   0.05500000   0.52250000   0.02750000      1
    23   1.18250000   2.06250000   0.52250000   0.33228376      1
    24   1.07250000   1.04500000   0.55000000   0.00001000      1
    25   2.06250000   0.24750000   0.57750000   0.00001000      1
    26   2.72250000   0.05500000   0.60500000   0.02750000      1
    27   2.36500000   2.00750000   0.60500000   0.34566964      1
    28   1.54000000   0.05500000   0.66000000   0.02750000      1
    29   1.26500000   2.72250000   0.74250000   0.00001000      1
    30   0.99000000   0.30250000   0.79750000   0.34785055      1
    31   0.05500000   0.74250000   0.88000000   0.13750000      1
    32   1.98000000   2.72250000   0.79750000   0.00001000      1
    33   1.73250000   1.62250000   0.82500000   0.33568027      1
    34   2.17250000   0.93500000   0.93500000   0.35750000      1
    35   0.68750000   2.39250000   0.93500000   0.14809203      1
    36   0.05500000   2.06250000   1.04500000   0.28710843      1
    37   0.33000000   2.72250000   1.04500000   0.20020302      1
    38   0.24750000   0.05500000   1.12750000   0.34566964      1
    39   0.60500000   0.85250000   1.12750000   0.33568027      1
    40   0.96250000   1.59500000   1.12750000   0.35644073      1
    41   2.42000000   0.05500000   1.15500000   0.22000000      1
    42   2.72250000   0.77000000   1.21000000   0.23334523      1
    43   1.43000000   0.77000000   1.18250000   0.33904277      1
    44   1.45750000   2.25500000   1.26500000   0.34457402      1
    45   2.72250000   2.72250000   1.23750000   0.35750000      1
    46   1.70500000   0.05500000   1.26500000   0.34457402      1
    47   2.36500000   1.62250000   1.32000000   0.31595094      1
    48   1.01750000   2.72250000   1.45750000   0.19445436      1
    49   2.72250000   2.00750000   1.56750000   0.13750000      1
    50   0.71500000   2.22750000   1.56750000   0.33228376      1
    51   1.95250000   2.72250000   1.56750000   0.34126603      1
    52   0.88000000   0.30250000   1.59500000   0.36792493      1
    53   0.05500000   0.79750000   1.59500000   0.33000000      1
    54   1.87000000   1.18250000   1.62250000   0.32070234      1
    55   0.35750000   1.56750000   1.65000000   0.34457402      1
    56   1.01750000   1.07250000   1.73250000   0.34893589      1
    57   2.72250000   0.44000000   1.87000000   0.07778174      1
    58   2.72250000   1.15500000   1.81500000   0.31475189      1
    59   1.89750000   1.92500000   1.81500000   0.35217184      1
    60   0.27500000   2.72250000   1.81500000   0.23008150      1
    61   1.56750000   0.55000000   1.89750000   0.35855612      1
    62   1.43000000   0.05500000   1.95250000   0.14809203      1
    63   0.05500000   0.05500000   1.98000000   0.30250000      1
    64   2.47500000   2.42000000   2.03500000   0.33680485      1
    65   1.40250000   2.72250000   2.06250000   0.00001000      1
    66   1.12750000   1.81500000   2.09000000   0.37404045      1
    67   0.49500000   1.21000000   2.31000000   0.31233996      1
    68   0.02750000   2.69500000   2.25500000   0.02750000      1
    69   0.66000000   2.44750000   2.28250000   0.34237224      1
    70   0.02750000   2.72250000   2.33750000   0.02750000      1
    71   0.02750000   2.61250000   2.33750000   0.02750000      1
    72   2.53000000   1.70500000   2.33750000   0.35855612      1
    73   0.82500000   0.05500000   2.36500000   0.00001000      1
    74   0.11000000   1.84250000   2.36500000   0.32187924      1
    75   1.76000000   1.37500000   2.39250000   0.00001000      1
    76   2.39250000   0.05500000   2.42000000   0.00001000      1
    77   2.72250000   2.72250000   2.66750000   0.23815700      1
    78   2.00750000   2.72250000   2.50250000   0.00001000      1
    79   1.21000000   0.82500000   2.55750000   0.35324391      1
    80   2.72250000   0.96250000   2.58500000   0.00001000      1
    81   1.59500000   0.05500000   2.58500000   0.32187924      1
    82   1.65000000   2.14500000   2.64000000   0.35431272      1
    83   2.03500000   0.74250000   2.69500000   0.33568027      1
    84   0.05500000   0.46750000   2.69500000   0.33114385      1
    85   1.12750000   1.56750000   2.83250000   0.33568027      1
    86   0.05500000   2.44750000   2.86000000   0.32187924      1
    87   0.38500000   0.05500000   2.86000000   0.12602083      1
    88   0.05500000   1.23750000   2.86000000   0.27637157      1
    89   2.72250000   2.31000000   3.02500000   0.02750000      1
    90   0.93500000   2.72250000   3.10750000   0.04763140      1
    91   2.42000000   1.43000000   3.05250000   0.35217184      1
    92   0.44000000   1.76000000   3.08000000   0.33114385      1
    93   1.04500000   0.27500000   3.10750000   0.37099529      1
    94   1.56750000   2.72250000   3.10750000   0.22171209      1
    95   0.63250000   0.99000000   3.13500000   0.39946057      1
    96   1.59500000   1.07250000   3.16250000   0.33228376      1
    97   2.42000000   0.05500000   3.19000000   0.26233329      1
    98   1.92500000   0.46750000   3.43750000   0.33568027      1
    99   0.05500000   0.05500000   3.35500000   0.19638928      1
   100   2.72250000   0.71500000   3.35500000   0.33341977      1
   101   1.81500000   1.81500000   3.35500000   0.35431272      1
   102   0.44000000   2.72250000   3.52000000   0.02750000      1
   103   1.04500000   1.78750000   3.54750000   0.35855612      1
   104   2.72250000   2.72250000   3.57500000   0.27223612      1
   105   0.05500000   0.96250000   3.60250000   0.27637157      1
   106   2.55750000   1.89750000   3.63000000   0.32422023      1
   107   0.05500000   1.67750000   3.65750000   0.24750000      1
   108   2.00750000   2.72250000   3.65750000   0.35109649      1
   109   2.14500000   1.18250000   3.74000000   0.31475189      1
   110   1.21000000   2.72250000   3.76750000   0.30498974      1
   111   0.57750000   0.35750000   3.79500000   0.35960915      1
   112   1.18250000   0.90750000   3.79500000   0.35855612      1
   113   1.81500000   1.65000000   4.81250000   0.24750000      1
   114   0.02750000   2.75000000   3.93250000   0.02750000      1
   115   0.52250000   1.34750000   3.90500000   0.33114385      1
   116   0.57750000   2.72250000   4.01500000   0.08250000      1
   117   2.14500000   0.05500000   3.98750000   0.29232902      1
   118   1.54000000   1.56750000   4.07000000   0.33228376      1
   119   0.05500000   0.24750000   4.12500000   0.14289419      1
   120   1.62250000   2.75000000   4.12500000   0.02750000      1
   121   2.72250000   0.77000000   4.18000000   0.29745799      1
   122   0.41250000   2.72250000   4.62000000   0.07778174      1
   123   0.82500000   0.05500000   4.29000000   0.05500000      1
   124   0.96250000   1.98000000   4.26250000   0.34126603      1
   125   2.47500000   2.31000000   4.29000000   0.34893589      1
   126   2.39250000   1.54000000   4.34500000   0.00001000      1
   127   1.67750000   2.28250000   4.34500000   0.35855612      1
   128   0.05500000   0.99000000   4.40000000   0.00001000      1
   129   2.72250000   0.05500000   4.86750000   0.14022304      1
   130   0.05500000   1.73250000   4.53750000   0.16952138      1
   131   1.04500000   2.72250000   4.51000000   0.00001000      1
   132   1.62250000   0.05500000   4.62000000   0.24750000      1
   133   0.68750000   0.49500000   4.59250000   0.37605684      1
   134   2.09000000   2.72250000   4.62000000   0.00001000      1
   135   0.52250000   1.45750000   4.67500000   0.32654440      1
   136   0.46750000   0.33000000   5.39000000   0.26662241      1
   137   2.14500000   0.96250000   4.75750000   0.34015622      1
   138   2.72250000   1.89750000   4.81250000   0.00001000      1
   139   0.93500000   0.05500000   4.95000000   0.15062371      1
   140   0.05500000   0.49500000   5.06000000   0.08250000      1
   141   2.14500000   2.22750000   4.97750000   0.35750000      1
   142   2.03500000   0.44000000   5.00500000   0.15062371      1
   143   2.72250000   0.74250000   5.03250000   0.30250000      1
   144   1.34750000   0.44000000   5.08750000   0.34015622      1
   145   0.99000000   2.00750000   5.08750000   0.38303069      1
   146   0.08250000   2.06250000   5.08750000   0.33228376      1
   147   2.72250000   2.72250000   5.08750000   0.30374742      1
   148   0.71500000   0.33000000   5.39000000   0.10289558      1
   149   1.48500000   2.72250000   5.14250000   0.35855612      1
   150   0.82500000   1.01750000   5.19750000   0.34785055      1
   151   0.05500000   1.21000000   5.19750000   0.35644073      1
   152   2.72250000   0.05500000   5.36250000   0.02750000      1
   153   2.36500000   1.51250000   5.22500000   0.35001787      1
   154   1.70500000   1.10000000   5.39000000   0.38303069      1
   155   0.05500000   2.53000000   5.41750000   0.06736097      1
   156   0.52250000   2.72250000   5.50000000   0.33114385      1
   157   1.70500000   1.89750000   5.52750000   0.35855612      1
   158   2.72250000   2.03500000   5.58250000   0.31595094      1
   159   1.26500000   0.05500000   5.66500000   0.27637157      1
   160   2.17250000   2.72250000   5.66500000   0.34126603      1
   161   2.42000000   0.90750000   5.74750000   0.38303069      1
   162   1.10000000   1.45750000   5.72000000   0.33114385      1
   163   0.05500000   0.60500000   5.74750000   0.20208290      1
   164   1.04500000   0.68750000   5.83000000   0.32187924      1
   165   0.41250000   1.87000000   5.80250000   0.36689577      1
   166   1.21000000   2.42000000   5.83000000   0.00001000      1
   167   1.87000000   0.46750000   5.99500000   0.24750000      1
   168   0.46750000   1.23750000   6.05000000   0.22677080      1
   169   0.55000000   0.24750000   6.02250000   0.31233996      1
   170   0.05500000   2.11750000   6.21500000   0.16500000      1
   171   0.05500000   2.72250000   6.02250000   0.16269220      1
   172   2.72250000   2.72250000   6.02250000   0.22843215      1
   173   2.25500000   1.81500000   6.10500000   0.33228376      1
   174   2.72250000   0.30250000   6.13250000   0.34457402      1
   175   2.72250000   1.45750000   6.16000000   0.16500000      1
   176   0.02750000   0.05500000   6.21500000   0.05500000      1
   177   1.54000000   1.15500000   6.21500000   0.34785055      1
   178   0.77000000   2.72250000   6.38000000   0.02750000      1
   179   1.32000000   1.87000000   6.35250000   0.33341977      1
   180   1.81500000   2.72250000   6.49000000   0.09120718      1
   181   1.32000000   0.05500000   6.40750000   0.00001000      1
   182   0.82500000   0.71500000   6.54500000   0.34566964      1
   183   2.72250000   1.12750000   6.57250000   0.03889087      1
   184   2.11750000   0.41250000   6.62750000   0.31354825      1
   185   2.72250000   2.25500000   6.62750000   0.35960915      1
   186   0.05500000   1.12750000   6.68250000   0.33114385      1
   187   0.05500000   0.35750000   6.71000000   0.34126603      1
   188   0.05500000   2.72250000   6.73750000   0.33114385      1
   189   1.32000000   2.72250000   6.98500000   0.02750000      1
   190   2.72250000   2.75000000   6.79250000   0.03889087      1
   191   0.41250000   0.71500000   6.82000000   0.09120718      1
   192   0.79750000   1.45750000   6.84750000   0.31354825      1
   193   1.95250000   1.84250000   6.82000000   0.36170603      1
   194   2.72250000   0.05500000   6.90250000   0.31475189      1
   195   0.85250000   0.05500000   6.95750000   0.32070234      1
   196   1.76000000   1.04500000   6.98500000   0.34893589      1
   197   2.72250000   1.54000000   7.04000000   0.36170603      1
   198   0.27500000   1.95250000   7.09500000   0.34893589      1
   199   2.11750000   2.72250000   7.01250000   0.36274990      1
   200   1.54000000   0.33000000   7.09500000   0.35001787      1
   201   0.71500000   2.72250000   7.12250000   0.29232902      1
   202   2.42000000   0.82500000   7.23250000   0.34893589      1
   203   1.04500000   0.90750000   7.26000000   0.34893589      1
   204   0.38500000   0.88000000   7.53500000   0.02750000      1
   205   1.34750000   1.59500000   7.34250000   0.00001000      1
   206   0.38500000   1.23750000   7.37000000   0.33228376      1
   207   2.22750000   0.05500000   7.39750000   0.34126603      1
   208   2.72250000   2.22750000   7.39750000   0.28842244      1
   209   1.37500000   2.72250000   7.45250000   0.22000000      1
   210   1.76000000   2.20000000   7.50750000   0.34126603      1
   211   2.14500000   1.54000000   7.53500000   0.34015622      1
   212   0.35750000   2.72250000   7.78250000   0.31833552      1
   213   2.72250000   2.72250000   7.56250000   0.21123151      1
   214   2.72250000   0.05500000   7.70000000   0.12602083      1
   215   1.04500000   2.28250000   7.70000000   0.32422023      1
   216   1.78750000   0.85250000   7.72750000   0.36586370      1
   217   2.72250000   1.23750000   7.75500000   0.19638928      1
   218   1.18250000   0.33000000   7.78250000   0.34566964      1
   219   0.38500000   1.87000000   7.83750000   0.35750000      1
   220   0.90750000   1.32000000   7.89250000   0.34126603      1
   221   2.72250000   0.52250000   7.94750000   0.00001000      1
   222   2.31000000   2.53000000   8.03000000   0.00001000      1
   223   1.89750000   0.05500000   8.05750000   0.00001000      1
   224   0.05500000   0.05500000   8.08500000   0.33228376      1
   225   1.59500000   1.67750000   8.08500000   0.38598088      1
   226   2.72250000   1.87000000   8.16750000   0.34785055      1
   227   2.28250000   1.21000000   8.19500000   0.34566964      1
   228   0.66000000   0.66000000   8.22250000   0.35001787      1
   229   1.54000000   2.44750000   8.22250000   0.33000000      1
   230   0.90750000   2.72250000   8.27750000   0.30868672      1
   231   1.40250000   0.68750000   8.38750000   0.35750000      1
   232   0.33000000   1.34750000   8.38750000   0.34126603      1
   233   0.90750000   2.00750000   8.38750000   0.33904277      1
   234   1.04500000   0.05500000   8.47000000   0.33568027      1
   235   0.13750000   2.36500000   8.44250000   0.34785055      1
   236   2.72250000   0.90750000   8.58000000   0.19445436      1
   237   2.11750000   2.03500000   8.58000000   0.32422023      1
   238   2.53000000   0.05500000   8.60750000   0.23496010      1
   239   1.01750000   1.32000000   8.66250000   0.33904277      1
   240   1.95250000   2.72250000   8.66250000   0.29872647      1
   241   2.20000000   0.60500000   8.66250000   0.35855612      1
   242   0.05500000   0.68750000   8.66250000   0.31354825      1
   243   2.75000000   0.41250000   8.71750000   0.05500000      1
   244   2.72250000   2.50250000   8.69000000   0.38303069      1
   245   1.78750000   1.26500000   8.74500000   0.34566964      1
   246   1.73250000   0.05500000   8.85500000   0.16952138      1
   247   0.90750000   0.57750000   8.88250000   0.27637157      1
   248   2.72250000   1.45750000   8.91000000   0.00001000      1
   249   1.76000000   2.72250000   9.40500000   0.34893589      1
   250   1.32000000   2.72250000   8.91000000   0.08250000      1
   251   0.41250000   1.81500000   8.96500000   0.34893589      1
   252   0.35750000   0.38500000   9.24000000   0.34457402      1
   253   0.05500000   2.20000000   9.10250000   0.11000000      1
   254   0.74250000   2.53000000   9.04750000   0.35217184      1
   255   2.72250000   0.77000000   9.07500000   0.07778174      1
   256   1.59500000   0.49500000   9.13000000   0.36586370      1
   257   1.15500000   0.05500000   9.32250000   0.14289419      1
   258   0.02750000   2.75000000   9.18500000   0.02750000      1
   259   2.53000000   0.30250000   9.29500000   0.34893589      1
   260   0.68750000   1.07250000   9.32250000   0.33904277      1
   261   2.17250000   0.96250000   9.35000000   0.33114385      1
   262   1.87000000   1.78750000   9.35000000   0.34237224      1
   263   2.72250000   1.15500000   9.37750000   0.08250000      1
   264   2.72250000   2.50250000   9.46000000   0.28842244      1
   265   0.99000000   1.89750000   9.48750000   0.38204220      1
   266   1.84250000   0.05500000   9.54250000   0.18651408      1
   267   1.43000000   1.15500000   9.57000000   0.37906135      1
   268   0.05500000   1.54000000   9.59750000   0.36792493      1
   269   0.33000000   2.72250000   9.92750000   0.02750000      1
   270   2.72250000   1.73250000   9.65250000   0.35855612      1
   271   1.01750000   2.72250000   9.68000000   0.16500000      1
   272   0.02750000   0.35750000   9.70750000   0.05500000      1
   273   0.99000000   0.46750000   9.73500000   0.39469926      1
   274   1.84250000   0.57750000   9.87250000   0.35324391      1
   275   0.24750000   0.79750000   9.87250000   0.35001787      1
   276   2.72250000   0.77000000   9.92750000   0.34126603      1
   277   2.06250000   2.20000000   9.92750000   0.32305186      1
   278   0.68750000   2.72250000   9.98250000   0.10289558      1
   279   2.06250000   1.29250000  10.01000000   0.34237224      1
   280   2.42000000   0.05500000  10.03750000   0.33228376      1
   281   0.74250000   1.37500000  10.03750000   0.00001000      1
   282   0.93500000   2.36500000  10.12000000   0.34237224      1
   283   2.72250000   2.72250000  10.14750000   0.19638928      1
   284   1.59500000   2.72250000  10.14750000   0.29490465      1
   285   1.43000000   1.73250000  10.17500000   0.36997465      1
   286   0.05500000   2.53000000  10.20250000   0.13750000      1
   287   0.05500000   0.05500000  10.23000000   0.27637157      1
   288   2.72250000   2.20000000  10.28500000   0.00001000      1
   289   2.72250000   1.40250000  10.36750000   0.35431272      1
   290   0.30250000   1.95250000  10.36750000   0.38695930      1
   291   1.32000000   0.88000000  10.36750000   0.36274990      1
   292   2.72250000   0.38500000  10.72500000   0.02750000      1
   293   0.66000000   0.46750000  10.47750000   0.35001787      1
   294   1.04500000   0.05500000  10.58750000   0.08696264      1
   295   1.65000000   0.13750000  10.56000000   0.32422023      1
   296   0.05500000   0.66000000  10.58750000   0.22341106      1
   297   2.17250000   0.79750000  10.58750000   0.37605684      1
   298   0.46750000   1.32000000  10.72500000   0.32422023      1
   299   2.06250000   1.70500000  10.69750000   0.33000000      1
   300   1.43000000   2.72250000  10.78000000   0.15062371      1
   301   2.14500000   2.72250000  10.69750000   0.37505000      1
   302   1.07250000   1.59500000  10.86250000   0.35855612      1
   303   0.68750000   2.47500000  10.86250000   0.35644073      1
   304   0.05500000   2.72250000  10.97250000   0.05500000      1
   305   2.72250000   1.87000000  11.00000000   0.30868672      1
   306   1.15500000   0.52250000  11.24750000   0.16500000      1
   307   2.72250000   0.93500000  11.02750000   0.28044607      1
   308   0.30250000   0.05500000  11.05500000   0.15062371      1
   309   1.67750000   1.12750000  11.08250000   0.35750000      1
   310   0.05500000   2.03500000  11.13750000   0.38695930      1
   311   2.72250000   2.72250000  11.16500000   0.25943448      1
   312   0.38500000   0.52250000  11.24750000   0.35960915      1
   313   1.67750000   1.89750000  11.33000000   0.36895121      1
   314   1.70500000   0.05500000  11.33000000   0.00001000      1
   315   2.20000000   0.60500000  11.33000000   0.36586370      1
   316   2.33750000   1.40250000  11.35750000   0.34237224      1
   317   0.05500000   1.29250000  11.38500000   0.34893589      1
   318   0.82500000   1.12750000  11.41250000   0.34126603      1
   319   1.21000000   2.72250000  11.44000000   0.30868672      1
   320   2.25500000   2.39250000  11.44000000   0.34457402      1
   321   0.79750000   1.92500000  11.52250000   0.00001000      1
   322   2.44750000   0.05500000  11.55000000   0.08250000      1
   323   2.72250000   2.28250000  11.55000000   0.14809203      1
   324   0.05500000   0.05500000  11.71500000   0.24596748      1
   325   1.51250000   0.60500000  11.74250000   0.37099529      1
   326   2.72250000   0.74250000  11.79750000   0.28710843      1
   327   0.41250000   2.72250000  11.82500000   0.33341977      1
   328   1.43000000   1.40250000  11.88000000   0.34015622      1
   329   0.74250000   0.30250000  11.88000000   0.34566964      1
   330   0.82500000   2.42000000  11.88000000   0.16269220      1
   331   0.05500000   1.92500000  11.93500000   0.33228376      1
   332   1.78750000   2.72250000  11.93500000   0.29232902      1
   333   1.37500000   0.05500000  11.96250000   0.19830532      1
   334   0.05500000   0.71500000  11.96250000   0.33904277      1
   335   0.90750000   1.07250000  11.93500000   0.11338540      1
   336   2.44750000   1.87000000  11.96250000   0.00001000      1
   337   2.72250000   0.05500000  11.99000000   0.08250000      1
   338   2.11750000   1.07250000  12.01750000   0.00001000      1
   339   1.43000000   2.14500000  12.01750000   0.35324391      1
   340   2.22750000   0.30250000  12.07250000   0.38401660      1
   341   0.66000000   1.45750000  12.10000000   0.33228376      1
   342   1.04500000   2.72250000  12.10000000   0.27362153      1
   343   2.72250000   1.45750000  12.23750000   0.07778174      1
   344   2.44750000   2.72250000  12.26500000   0.35855612      1
   345   0.05500000   1.37500000  12.34750000   0.22000000      1
   346   0.68750000   2.20000000  12.40250000   0.37906135      1
   347   1.92500000   1.65000000  12.43000000   0.27637157      1
   348   0.05500000   0.05500000  12.45750000   0.00001000      1
   349   0.60500000   0.79750000  12.45750000   0.33114385      1
   350   2.72250000   0.82500000  12.51250000   0.34566964      1
   351   1.40250000   0.85250000  12.54000000   0.36170603      1
   352   1.21000000   1.65000000  12.56750000   0.00001000      1
   353   0.99000000   0.05500000  12.62250000   0.29745799      1
   354   1.70500000   0.05500000  12.67750000   0.27637157      1
   355   0.05500000   2.06250000  12.65000000   0.20208290      1
   356   1.81500000   2.39250000  12.67750000   0.33228376      1
   357   0.27500000   2.72250000  12.67750000   0.28578837      1
   358   2.72250000   2.00750000  12.76000000   0.29745799      1
   359   2.47500000   0.05500000  12.84250000   0.33114385      1
   360   0.44000000   1.56750000  12.87000000   0.36065911      1
   361   1.23750000   2.20000000  12.89750000   0.22677080      1
   362   1.04500000   2.72250000  13.00750000   0.19250000      1
   363   2.28250000   2.72250000  13.00750000   0.13750000      1
   364   2.03500000   0.77000000  13.03500000   0.36170603      1
   365   2.72250000   2.72250000  13.03500000   0.15556349      1
   366   0.05500000   0.88000000  13.09000000   0.35324391      1
   367   0.90750000   0.99000000  13.11750000   0.34893589      1
   368   0.49500000   0.05500000  13.17250000   0.35324391      1
   369   1.87000000   1.78750000  13.20000000   0.35750000      1
   370   1.92500000   0.35750000  13.72250000   0.06149187      1
   371   2.72250000   1.29250000  13.20000000   0.00001000      1
   372   0.55000000   2.31000000  13.22750000   0.31833552      1
   373   0.02750000   0.05500000  13.22750000   0.02750000      1
   374   2.72250000   0.55000000  13.28250000   0.21653521      1
   375   2.75000000   0.02750000  13.33750000   0.02750000      1
   376   0.05500000   2.50250000  13.28250000   0.17822037      1
   377   1.04500000   1.73250000  13.31000000   0.34015622      1
   378   1.51250000   2.72250000  13.36500000   0.28842244      1
   379   0.05500000   2.00750000  13.72250000   0.23656395      1
   380   2.53000000   2.72250000  13.61250000   0.16500000      1
   381   1.56750000   1.10000000  13.55750000   0.35431272      1
   382   1.12750000   0.05500000  13.72250000   0.11338540      1
   383   2.44750000   0.11000000  13.72250000   0.13750000      1
   384   1.65000000   0.38500000  13.72250000   0.17608592      1
   385   0.05500000   0.46750000  13.72250000   0.30124742      1
   386   0.85250000   0.52250000  13.72250000   0.00001000      1
   387   2.36500000   0.82500000  13.72250000   0.31475189      1
   388   0.41250000   1.26500000  13.72250000   0.35750000      1
   389   2.31000000   1.62250000  13.72250000   0.24131152      1
   390   2.72250000   1.67750000  13.72250000   0.13750000      1
   391   1.54000000   1.92500000  13.72250000   0.19638928      1
   392   0.74250000   2.00750000  13.72250000   0.23815700      1
   393   1.73250000   2.55750000  13.72250000   0.12602083      1
   394   0.38500000   2.72250000  13.72250000   0.27637157      1
