Throat File
3
Throat id
Start pore id
End pore id
     1      1      6
     2      1     16
     3      2      3
     4      2      7
     5      2     24
     6      2     30
     7      3      2
     8      3      4
     9      3     25
    10      3     28
    11      4      3
    12      4      5
    13      4     18
    14      4     25
    15      5      4
    16      5      7
    17      5      8
    18      5     10
    19      5     18
    20      5     25
    21      5     34
    22      6      1
    23      6      7
    24      6     16
    25      6     20
    26      6     24
    27      7      2
    28      7      5
    29      7      6
    30      7     10
    31      7     24
    32      8      5
    33      8     10
    34      8     11
    35      8     18
    36      8     27
    37      8     34
    38      9     20
    39      9     21
    40     10      5
    41     10      7
    42     10      8
    43     10     11
    44     10     13
    45     10     15
    46     10     23
    47     10     27
    48     10     33
    49     11      8
    50     11     10
    51     11     17
    52     11     27
    53     12     14
    54     12     19
    55     12     20
    56     12     23
    57     12     35
    58     13     10
    59     13     15
    60     13     23
    61     14     12
    62     14     19
    63     15     10
    64     15     13
    65     15     32
    66     16      1
    67     16      6
    68     16     24
    69     16     30
    70     16     31
    71     16     39
    72     17     11
    73     17     27
    74     18      4
    75     18      5
    76     18      8
    77     18     25
    78     18     34
    79     19     12
    80     19     14
    81     19     20
    82     19     35
    83     19     36
    84     19     37
    85     20      6
    86     20      9
    87     20     12
    88     20     19
    89     20     21
    90     20     23
    91     20     35
    92     20     36
    93     20     40
    94     21      9
    95     21     20
    96     21     36
    97     23     10
    98     23     12
    99     23     13
   100     23     20
   101     23     29
   102     23     33
   103     23     35
   104     23     40
   105     23     44
   106     24      2
   107     24      6
   108     24      7
   109     24     16
   110     24     30
   111     24     39
   112     24     40
   113     24     43
   114     25      3
   115     25      4
   116     25      5
   117     25     18
   118     25     28
   119     25     34
   120     25     41
   121     27      8
   122     27     10
   123     27     11
   124     27     17
   125     27     32
   126     27     33
   127     27     34
   128     27     47
   129     28      3
   130     28     25
   131     29     23
   132     29     32
   133     29     44
   134     29     48
   135     30      2
   136     30     16
   137     30     24
   138     30     31
   139     30     38
   140     30     39
   141     30     43
   142     30     52
   143     31     16
   144     31     30
   145     31     38
   146     31     39
   147     32     15
   148     32     27
   149     32     29
   150     32     44
   151     32     45
   152     32     51
   153     33     10
   154     33     23
   155     33     27
   156     33     34
   157     33     40
   158     33     44
   159     33     47
   160     34      5
   161     34      8
   162     34     18
   163     34     25
   164     34     27
   165     34     33
   166     34     42
   167     34     43
   168     34     47
   169     34     54
   170     35     12
   171     35     19
   172     35     20
   173     35     23
   174     36     19
   175     36     20
   176     36     21
   177     36     37
   178     36     50
   179     36     55
   180     37     19
   181     37     36
   182     38     30
   183     38     31
   184     38     39
   185     38     52
   186     39     16
   187     39     24
   188     39     30
   189     39     31
   190     39     38
   191     39     40
   192     39     52
   193     39     53
   194     39     56
   195     40     20
   196     40     23
   197     40     24
   198     40     33
   199     40     39
   200     40     44
   201     40     50
   202     40     55
   203     40     56
   204     41     25
   205     41     42
   206     41     46
   207     41     57
   208     41     61
   209     42     34
   210     42     41
   211     42     57
   212     42     58
   213     42     61
   214     43     24
   215     43     30
   216     43     34
   217     43     46
   218     43     52
   219     43     54
   220     43     56
   221     43     61
   222     44     23
   223     44     29
   224     44     32
   225     44     33
   226     44     40
   227     44     48
   228     44     50
   229     44     51
   230     44     59
   231     45     32
   232     45     49
   233     45     51
   234     46     41
   235     46     43
   236     46     61
   237     47     27
   238     47     33
   239     47     34
   240     47     49
   241     47     54
   242     47     58
   243     47     59
   244     48     29
   245     48     44
   246     48     50
   247     48     65
   248     49     45
   249     49     47
   250     49     64
   251     50     36
   252     50     40
   253     50     44
   254     50     48
   255     50     55
   256     50     60
   257     50     66
   258     50     69
   259     51     32
   260     51     44
   261     51     45
   262     51     59
   263     51     64
   264     51     65
   265     52     30
   266     52     38
   267     52     39
   268     52     43
   269     52     53
   270     52     56
   271     52     61
   272     52     62
   273     52     63
   274     52     73
   275     53     39
   276     53     52
   277     53     63
   278     54     34
   279     54     43
   280     54     47
   281     54     58
   282     54     59
   283     54     61
   284     54     75
   285     55     36
   286     55     40
   287     55     50
   288     55     74
   289     56     39
   290     56     40
   291     56     43
   292     56     52
   293     56     61
   294     56     66
   295     56     67
   296     57     41
   297     57     42
   298     57     58
   299     57     61
   300     57     76
   301     58     42
   302     58     47
   303     58     54
   304     58     57
   305     58     72
   306     58     80
   307     59     44
   308     59     47
   309     59     51
   310     59     54
   311     59     64
   312     59     66
   313     59     75
   314     60     50
   315     60     69
   316     61     41
   317     61     42
   318     61     43
   319     61     46
   320     61     52
   321     61     54
   322     61     56
   323     61     57
   324     61     62
   325     61     79
   326     61     81
   327     62     52
   328     62     61
   329     62     73
   330     62     79
   331     62     81
   332     63     52
   333     63     53
   334     63     73
   335     63     84
   336     64     49
   337     64     51
   338     64     59
   339     64     72
   340     64     77
   341     64     78
   342     65     48
   343     65     51
   344     65     66
   345     65     69
   346     65     78
   347     65     82
   348     66     50
   349     66     56
   350     66     59
   351     66     65
   352     66     69
   353     66     75
   354     66     82
   355     66     85
   356     67     56
   357     67     74
   358     67     79
   359     67     84
   360     67     88
   361     67     95
   362     68     70
   363     68     71
   364     69     50
   365     69     60
   366     69     65
   367     69     66
   368     69     74
   369     69     82
   370     69     85
   371     69     86
   372     69     90
   373     69     92
   374     70     68
   375     70     71
   376     71     68
   377     71     70
   378     72     58
   379     72     64
   380     72     75
   381     72     91
   382     73     52
   383     73     62
   384     73     63
   385     73     79
   386     73     81
   387     73     84
   388     73     87
   389     73     93
   390     74     55
   391     74     67
   392     74     69
   393     74     86
   394     74     92
   395     75     54
   396     75     59
   397     75     66
   398     75     72
   399     75     79
   400     75     82
   401     75     83
   402     75     85
   403     76     57
   404     76     81
   405     76     83
   406     76     97
   407     77     64
   408     77     78
   409     77     89
   410     78     64
   411     78     65
   412     78     77
   413     78     82
   414     78     89
   415     78     94
   416     78    108
   417     79     61
   418     79     62
   419     79     67
   420     79     73
   421     79     75
   422     79     81
   423     79     85
   424     79     93
   425     79     95
   426     79     96
   427     80     58
   428     80     83
   429     80     91
   430     80    100
   431     81     61
   432     81     62
   433     81     73
   434     81     76
   435     81     79
   436     81     83
   437     81     93
   438     81     98
   439     82     65
   440     82     66
   441     82     69
   442     82     75
   443     82     78
   444     82     85
   445     82     89
   446     82     90
   447     82     94
   448     82    101
   449     83     75
   450     83     76
   451     83     80
   452     83     81
   453     83     96
   454     84     63
   455     84     67
   456     84     73
   457     84     87
   458     84     88
   459     84     95
   460     84     99
   461     85     66
   462     85     69
   463     85     75
   464     85     79
   465     85     82
   466     85     90
   467     85     92
   468     85     95
   469     85     96
   470     85    103
   471     86     69
   472     86     74
   473     86     90
   474     86     92
   475     86    102
   476     86    107
   477     87     73
   478     87     84
   479     87     88
   480     87     93
   481     87     95
   482     87     99
   483     88     67
   484     88     84
   485     88     87
   486     88     92
   487     88     95
   488     89     77
   489     89     78
   490     89     82
   491     89    101
   492     89    104
   493     89    106
   494     89    108
   495     90     69
   496     90     82
   497     90     85
   498     90     86
   499     90     92
   500     90     94
   501     90    102
   502     90    103
   503     90    110
   504     91     72
   505     91     80
   506     91    100
   507     91    101
   508     91    106
   509     91    109
   510     92     69
   511     92     74
   512     92     85
   513     92     86
   514     92     88
   515     92     90
   516     92     95
   517     92    102
   518     92    103
   519     92    107
   520     93     73
   521     93     79
   522     93     81
   523     93     87
   524     93     95
   525     93     98
   526     93    111
   527     93    112
   528     93    123
   529     93    132
   530     94     78
   531     94     82
   532     94     90
   533     94    101
   534     94    108
   535     94    110
   536     95     67
   537     95     79
   538     95     84
   539     95     85
   540     95     87
   541     95     88
   542     95     92
   543     95     93
   544     95    105
   545     95    111
   546     95    112
   547     95    115
   548     96     79
   549     96     83
   550     96     85
   551     96     98
   552     96    101
   553     96    109
   554     96    112
   555     97     76
   556     97     98
   557     97    100
   558     97    117
   559     98     81
   560     98     93
   561     98     96
   562     98     97
   563     98    100
   564     98    109
   565     98    112
   566     98    117
   567     98    121
   568     98    132
   569     98    137
   570     99     84
   571     99     87
   572     99    105
   573     99    111
   574    100     80
   575    100     91
   576    100     97
   577    100     98
   578    100    106
   579    100    109
   580    101     82
   581    101     89
   582    101     91
   583    101     94
   584    101     96
   585    101    103
   586    101    106
   587    101    108
   588    101    109
   589    101    118
   590    101    127
   591    102     86
   592    102     90
   593    102     92
   594    102    107
   595    102    116
   596    103     85
   597    103     90
   598    103     92
   599    103    101
   600    103    110
   601    103    115
   602    103    118
   603    103    124
   604    104     89
   605    104    106
   606    104    108
   607    104    125
   608    105     95
   609    105     99
   610    105    107
   611    105    111
   612    105    115
   613    105    128
   614    106     89
   615    106     91
   616    106    100
   617    106    101
   618    106    104
   619    106    108
   620    106    125
   621    106    126
   622    107     86
   623    107     92
   624    107    102
   625    107    105
   626    107    115
   627    107    116
   628    108     78
   629    108     89
   630    108     94
   631    108    101
   632    108    104
   633    108    106
   634    108    110
   635    108    125
   636    108    127
   637    109     91
   638    109     96
   639    109     98
   640    109    100
   641    109    101
   642    109    112
   643    109    117
   644    109    118
   645    109    121
   646    109    126
   647    109    137
   648    110     90
   649    110     94
   650    110    103
   651    110    108
   652    110    116
   653    110    124
   654    110    127
   655    110    131
   656    111     93
   657    111     95
   658    111     99
   659    111    105
   660    111    112
   661    111    119
   662    111    123
   663    111    133
   664    112     93
   665    112     95
   666    112     96
   667    112     98
   668    112    109
   669    112    111
   670    112    113
   671    112    115
   672    112    117
   673    112    118
   674    112    121
   675    112    123
   676    112    132
   677    112    133
   678    112    137
   679    112    144
   680    112    150
   681    113    112
   682    113    118
   683    113    127
   684    113    141
   685    113    144
   686    113    145
   687    113    150
   688    113    153
   689    113    154
   690    113    157
   691    115     95
   692    115    103
   693    115    105
   694    115    107
   695    115    112
   696    115    128
   697    115    135
   698    116    102
   699    116    107
   700    116    110
   701    116    122
   702    116    124
   703    116    130
   704    116    131
   705    117     97
   706    117     98
   707    117    109
   708    117    112
   709    117    121
   710    117    129
   711    117    132
   712    117    137
   713    117    142
   714    118    101
   715    118    103
   716    118    109
   717    118    112
   718    118    113
   719    118    124
   720    118    127
   721    118    144
   722    118    150
   723    119    111
   724    119    128
   725    119    133
   726    119    140
   727    121     98
   728    121    109
   729    121    112
   730    121    117
   731    121    126
   732    121    129
   733    121    132
   734    121    137
   735    121    142
   736    121    143
   737    122    116
   738    122    124
   739    122    130
   740    122    131
   741    122    146
   742    122    156
   743    123     93
   744    123    111
   745    123    112
   746    123    132
   747    123    133
   748    123    139
   749    124    103
   750    124    110
   751    124    116
   752    124    118
   753    124    122
   754    124    127
   755    124    130
   756    124    131
   757    124    135
   758    124    145
   759    125    104
   760    125    106
   761    125    108
   762    125    126
   763    125    127
   764    125    134
   765    125    138
   766    125    141
   767    126    106
   768    126    109
   769    126    121
   770    126    125
   771    126    137
   772    126    138
   773    127    101
   774    127    108
   775    127    110
   776    127    113
   777    127    118
   778    127    124
   779    127    125
   780    127    131
   781    127    134
   782    127    141
   783    128    105
   784    128    115
   785    128    119
   786    128    130
   787    128    133
   788    128    135
   789    128    151
   790    129    117
   791    129    121
   792    129    132
   793    129    142
   794    129    143
   795    129    152
   796    130    116
   797    130    122
   798    130    124
   799    130    128
   800    130    135
   801    130    146
   802    131    110
   803    131    116
   804    131    122
   805    131    124
   806    131    127
   807    131    149
   808    132     93
   809    132     98
   810    132    112
   811    132    117
   812    132    121
   813    132    123
   814    132    129
   815    132    137
   816    132    142
   817    132    144
   818    133    111
   819    133    112
   820    133    119
   821    133    123
   822    133    128
   823    133    136
   824    133    139
   825    133    140
   826    133    144
   827    133    148
   828    133    150
   829    134    125
   830    134    127
   831    134    141
   832    134    149
   833    135    115
   834    135    124
   835    135    128
   836    135    130
   837    135    145
   838    135    146
   839    135    150
   840    135    151
   841    136    133
   842    136    139
   843    136    140
   844    136    148
   845    136    150
   846    136    163
   847    136    169
   848    137     98
   849    137    109
   850    137    112
   851    137    117
   852    137    121
   853    137    126
   854    137    132
   855    137    142
   856    137    143
   857    137    144
   858    137    153
   859    137    154
   860    138    125
   861    138    126
   862    138    141
   863    138    147
   864    138    153
   865    138    158
   866    139    123
   867    139    133
   868    139    136
   869    139    144
   870    139    148
   871    139    159
   872    140    119
   873    140    133
   874    140    136
   875    141    113
   876    141    125
   877    141    127
   878    141    134
   879    141    138
   880    141    147
   881    141    149
   882    141    153
   883    141    157
   884    141    160
   885    142    117
   886    142    121
   887    142    129
   888    142    132
   889    142    137
   890    142    143
   891    142    152
   892    142    161
   893    142    167
   894    143    121
   895    143    129
   896    143    137
   897    143    142
   898    143    161
   899    144    112
   900    144    113
   901    144    118
   902    144    132
   903    144    133
   904    144    137
   905    144    139
   906    144    150
   907    144    154
   908    144    159
   909    145    113
   910    145    124
   911    145    135
   912    145    146
   913    145    149
   914    145    156
   915    145    157
   916    145    162
   917    145    166
   918    146    122
   919    146    130
   920    146    135
   921    146    145
   922    146    155
   923    146    156
   924    146    165
   925    147    138
   926    147    141
   927    147    158
   928    147    160
   929    148    133
   930    148    136
   931    148    139
   932    148    150
   933    148    169
   934    149    131
   935    149    134
   936    149    141
   937    149    145
   938    149    160
   939    149    166
   940    150    112
   941    150    113
   942    150    118
   943    150    133
   944    150    135
   945    150    136
   946    150    144
   947    150    148
   948    150    151
   949    150    162
   950    150    164
   951    151    128
   952    151    135
   953    151    150
   954    151    163
   955    151    168
   956    152    129
   957    152    142
   958    152    161
   959    152    167
   960    152    174
   961    153    113
   962    153    137
   963    153    138
   964    153    141
   965    153    154
   966    153    158
   967    153    161
   968    154    113
   969    154    137
   970    154    144
   971    154    153
   972    154    157
   973    154    161
   974    154    162
   975    154    164
   976    154    167
   977    154    177
   978    155    146
   979    155    156
   980    155    171
   981    156    122
   982    156    145
   983    156    146
   984    156    155
   985    156    166
   986    156    171
   987    156    178
   988    157    113
   989    157    141
   990    157    145
   991    157    154
   992    157    162
   993    157    166
   994    157    173
   995    158    138
   996    158    147
   997    158    153
   998    158    160
   999    158    172
  1000    158    173
  1001    159    139
  1002    159    144
  1003    159    164
  1004    159    167
  1005    159    181
  1006    160    141
  1007    160    147
  1008    160    149
  1009    160    158
  1010    160    172
  1011    160    173
  1012    160    180
  1013    161    142
  1014    161    143
  1015    161    152
  1016    161    153
  1017    161    154
  1018    161    167
  1019    161    174
  1020    161    175
  1021    161    177
  1022    161    183
  1023    161    184
  1024    162    145
  1025    162    150
  1026    162    154
  1027    162    157
  1028    162    164
  1029    162    165
  1030    162    168
  1031    162    177
  1032    162    179
  1033    163    136
  1034    163    151
  1035    163    164
  1036    163    168
  1037    164    150
  1038    164    154
  1039    164    159
  1040    164    162
  1041    164    163
  1042    164    167
  1043    164    168
  1044    164    169
  1045    164    177
  1046    164    182
  1047    165    146
  1048    165    162
  1049    165    168
  1050    165    170
  1051    165    178
  1052    165    179
  1053    165    198
  1054    166    145
  1055    166    149
  1056    166    156
  1057    166    157
  1058    166    178
  1059    166    179
  1060    166    180
  1061    167    142
  1062    167    152
  1063    167    154
  1064    167    159
  1065    167    161
  1066    167    164
  1067    167    174
  1068    167    177
  1069    167    181
  1070    167    184
  1071    168    151
  1072    168    162
  1073    168    163
  1074    168    164
  1075    168    165
  1076    168    182
  1077    168    186
  1078    169    136
  1079    169    148
  1080    169    164
  1081    169    176
  1082    169    182
  1083    170    165
  1084    170    188
  1085    171    155
  1086    171    156
  1087    171    188
  1088    172    158
  1089    172    160
  1090    172    185
  1091    173    157
  1092    173    158
  1093    173    160
  1094    173    175
  1095    173    177
  1096    173    179
  1097    173    180
  1098    173    183
  1099    173    185
  1100    173    193
  1101    174    152
  1102    174    161
  1103    174    167
  1104    174    184
  1105    174    194
  1106    175    161
  1107    175    173
  1108    175    177
  1109    175    183
  1110    176    169
  1111    176    187
  1112    177    154
  1113    177    161
  1114    177    162
  1115    177    164
  1116    177    167
  1117    177    173
  1118    177    175
  1119    177    179
  1120    177    182
  1121    177    183
  1122    177    184
  1123    177    196
  1124    178    156
  1125    178    165
  1126    178    166
  1127    178    179
  1128    178    188
  1129    178    189
  1130    178    198
  1131    178    201
  1132    179    162
  1133    179    165
  1134    179    166
  1135    179    173
  1136    179    177
  1137    179    178
  1138    179    180
  1139    179    189
  1140    179    192
  1141    179    193
  1142    179    198
  1143    179    201
  1144    179    205
  1145    179    215
  1146    180    160
  1147    180    166
  1148    180    173
  1149    180    179
  1150    180    189
  1151    180    193
  1152    180    199
  1153    181    159
  1154    181    167
  1155    181    182
  1156    181    184
  1157    181    195
  1158    181    200
  1159    182    164
  1160    182    168
  1161    182    169
  1162    182    177
  1163    182    181
  1164    182    187
  1165    182    191
  1166    182    192
  1167    182    195
  1168    182    203
  1169    183    161
  1170    183    173
  1171    183    175
  1172    183    177
  1173    183    184
  1174    183    194
  1175    183    196
  1176    183    197
  1177    183    202
  1178    184    161
  1179    184    167
  1180    184    174
  1181    184    177
  1182    184    181
  1183    184    183
  1184    184    194
  1185    184    196
  1186    184    200
  1187    184    202
  1188    185    172
  1189    185    173
  1190    185    190
  1191    185    193
  1192    185    197
  1193    185    199
  1194    185    208
  1195    186    168
  1196    186    187
  1197    186    191
  1198    186    192
  1199    186    206
  1200    187    176
  1201    187    182
  1202    187    186
  1203    187    191
  1204    187    195
  1205    187    204
  1206    188    170
  1207    188    171
  1208    188    178
  1209    188    198
  1210    188    201
  1211    189    178
  1212    189    179
  1213    189    180
  1214    189    193
  1215    189    201
  1216    189    205
  1217    189    209
  1218    189    210
  1219    189    215
  1220    190    185
  1221    190    199
  1222    190    208
  1223    190    213
  1224    191    182
  1225    191    186
  1226    191    187
  1227    191    195
  1228    191    203
  1229    191    204
  1230    191    206
  1231    192    179
  1232    192    182
  1233    192    186
  1234    192    198
  1235    192    203
  1236    192    205
  1237    192    206
  1238    193    173
  1239    193    179
  1240    193    180
  1241    193    185
  1242    193    189
  1243    193    196
  1244    193    205
  1245    193    210
  1246    193    211
  1247    194    174
  1248    194    183
  1249    194    184
  1250    194    202
  1251    194    207
  1252    194    214
  1253    195    181
  1254    195    182
  1255    195    187
  1256    195    191
  1257    195    200
  1258    195    203
  1259    195    204
  1260    195    218
  1261    196    177
  1262    196    183
  1263    196    184
  1264    196    193
  1265    196    200
  1266    196    202
  1267    196    203
  1268    196    205
  1269    196    216
  1270    197    183
  1271    197    185
  1272    197    202
  1273    197    208
  1274    197    211
  1275    197    217
  1276    198    165
  1277    198    178
  1278    198    179
  1279    198    188
  1280    198    192
  1281    198    201
  1282    198    206
  1283    198    212
  1284    198    219
  1285    199    180
  1286    199    185
  1287    199    190
  1288    199    208
  1289    199    210
  1290    199    213
  1291    200    181
  1292    200    184
  1293    200    195
  1294    200    196
  1295    200    203
  1296    200    207
  1297    200    218
  1298    201    178
  1299    201    179
  1300    201    188
  1301    201    189
  1302    201    198
  1303    201    209
  1304    201    212
  1305    201    215
  1306    202    183
  1307    202    184
  1308    202    194
  1309    202    196
  1310    202    197
  1311    202    207
  1312    202    211
  1313    202    216
  1314    202    217
  1315    202    221
  1316    203    182
  1317    203    191
  1318    203    192
  1319    203    195
  1320    203    196
  1321    203    200
  1322    203    204
  1323    203    205
  1324    203    206
  1325    203    218
  1326    203    220
  1327    204    187
  1328    204    191
  1329    204    195
  1330    204    203
  1331    204    206
  1332    204    218
  1333    204    220
  1334    204    224
  1335    204    228
  1336    204    232
  1337    204    242
  1338    205    179
  1339    205    189
  1340    205    192
  1341    205    193
  1342    205    196
  1343    205    203
  1344    205    210
  1345    205    215
  1346    205    220
  1347    205    225
  1348    206    186
  1349    206    191
  1350    206    192
  1351    206    198
  1352    206    203
  1353    206    204
  1354    206    219
  1355    206    220
  1356    206    232
  1357    207    194
  1358    207    200
  1359    207    202
  1360    207    214
  1361    207    223
  1362    208    185
  1363    208    190
  1364    208    197
  1365    208    199
  1366    208    210
  1367    208    211
  1368    208    213
  1369    208    222
  1370    209    189
  1371    209    201
  1372    209    210
  1373    209    215
  1374    210    189
  1375    210    193
  1376    210    199
  1377    210    205
  1378    210    208
  1379    210    209
  1380    210    211
  1381    210    215
  1382    210    222
  1383    210    225
  1384    210    229
  1385    211    193
  1386    211    197
  1387    211    202
  1388    211    208
  1389    211    210
  1390    211    216
  1391    211    217
  1392    211    225
  1393    211    227
  1394    212    198
  1395    212    201
  1396    212    219
  1397    212    230
  1398    212    235
  1399    213    190
  1400    213    199
  1401    213    208
  1402    213    222
  1403    214    194
  1404    214    207
  1405    214    221
  1406    215    179
  1407    215    189
  1408    215    201
  1409    215    205
  1410    215    209
  1411    215    210
  1412    215    219
  1413    215    229
  1414    215    230
  1415    215    233
  1416    216    196
  1417    216    202
  1418    216    211
  1419    216    218
  1420    216    223
  1421    216    227
  1422    216    231
  1423    217    197
  1424    217    202
  1425    217    211
  1426    217    221
  1427    217    226
  1428    217    227
  1429    218    195
  1430    218    200
  1431    218    203
  1432    218    204
  1433    218    216
  1434    218    223
  1435    218    228
  1436    218    231
  1437    218    234
  1438    219    198
  1439    219    206
  1440    219    212
  1441    219    215
  1442    219    220
  1443    219    232
  1444    219    233
  1445    219    235
  1446    220    203
  1447    220    204
  1448    220    205
  1449    220    206
  1450    220    219
  1451    220    225
  1452    220    228
  1453    220    232
  1454    220    239
  1455    221    202
  1456    221    214
  1457    221    217
  1458    221    223
  1459    221    227
  1460    221    236
  1461    221    241
  1462    222    208
  1463    222    210
  1464    222    213
  1465    222    226
  1466    222    229
  1467    222    237
  1468    222    240
  1469    222    244
  1470    223    207
  1471    223    216
  1472    223    218
  1473    223    221
  1474    223    231
  1475    223    241
  1476    223    246
  1477    224    204
  1478    224    228
  1479    224    234
  1480    224    242
  1481    224    252
  1482    225    205
  1483    225    210
  1484    225    211
  1485    225    220
  1486    225    227
  1487    225    229
  1488    225    233
  1489    225    237
  1490    225    245
  1491    226    217
  1492    226    222
  1493    226    227
  1494    226    237
  1495    226    244
  1496    226    248
  1497    227    211
  1498    227    216
  1499    227    217
  1500    227    221
  1501    227    225
  1502    227    226
  1503    227    236
  1504    227    241
  1505    227    245
  1506    227    248
  1507    228    204
  1508    228    218
  1509    228    220
  1510    228    224
  1511    228    231
  1512    228    232
  1513    228    234
  1514    228    242
  1515    228    247
  1516    229    210
  1517    229    215
  1518    229    222
  1519    229    225
  1520    229    230
  1521    229    233
  1522    229    237
  1523    229    240
  1524    229    249
  1525    229    250
  1526    229    254
  1527    229    262
  1528    230    212
  1529    230    215
  1530    230    229
  1531    230    233
  1532    230    235
  1533    230    250
  1534    230    254
  1535    231    216
  1536    231    218
  1537    231    223
  1538    231    228
  1539    231    234
  1540    231    239
  1541    231    241
  1542    231    245
  1543    231    247
  1544    231    256
  1545    232    204
  1546    232    206
  1547    232    219
  1548    232    220
  1549    232    228
  1550    232    235
  1551    232    239
  1552    232    242
  1553    232    251
  1554    233    215
  1555    233    219
  1556    233    225
  1557    233    229
  1558    233    230
  1559    233    235
  1560    233    237
  1561    233    239
  1562    233    250
  1563    233    251
  1564    233    254
  1565    233    262
  1566    233    265
  1567    234    218
  1568    234    224
  1569    234    228
  1570    234    231
  1571    234    247
  1572    234    252
  1573    234    257
  1574    235    212
  1575    235    219
  1576    235    230
  1577    235    232
  1578    235    233
  1579    235    251
  1580    235    253
  1581    235    254
  1582    236    221
  1583    236    227
  1584    236    241
  1585    236    243
  1586    236    248
  1587    236    255
  1588    237    222
  1589    237    225
  1590    237    226
  1591    237    229
  1592    237    233
  1593    237    240
  1594    237    244
  1595    237    245
  1596    237    248
  1597    237    249
  1598    237    254
  1599    237    262
  1600    237    265
  1601    238    241
  1602    238    243
  1603    238    259
  1604    239    220
  1605    239    231
  1606    239    232
  1607    239    233
  1608    239    245
  1609    239    260
  1610    240    222
  1611    240    229
  1612    240    237
  1613    240    244
  1614    240    249
  1615    241    221
  1616    241    223
  1617    241    227
  1618    241    231
  1619    241    236
  1620    241    238
  1621    241    243
  1622    241    245
  1623    241    246
  1624    241    256
  1625    241    259
  1626    241    261
  1627    242    204
  1628    242    224
  1629    242    228
  1630    242    232
  1631    242    252
  1632    243    236
  1633    243    238
  1634    243    241
  1635    243    255
  1636    244    222
  1637    244    226
  1638    244    237
  1639    244    240
  1640    244    264
  1641    245    225
  1642    245    227
  1643    245    231
  1644    245    237
  1645    245    239
  1646    245    241
  1647    245    248
  1648    245    261
  1649    245    262
  1650    246    223
  1651    246    241
  1652    246    256
  1653    246    257
  1654    246    266
  1655    247    228
  1656    247    231
  1657    247    234
  1658    247    252
  1659    247    256
  1660    247    260
  1661    248    226
  1662    248    227
  1663    248    236
  1664    248    237
  1665    248    245
  1666    248    261
  1667    248    263
  1668    248    270
  1669    249    229
  1670    249    237
  1671    249    240
  1672    249    250
  1673    249    254
  1674    249    262
  1675    249    264
  1676    249    265
  1677    249    271
  1678    249    277
  1679    249    284
  1680    250    229
  1681    250    230
  1682    250    233
  1683    250    249
  1684    250    254
  1685    250    262
  1686    250    265
  1687    250    271
  1688    251    232
  1689    251    233
  1690    251    235
  1691    251    253
  1692    251    254
  1693    251    265
  1694    251    268
  1695    252    224
  1696    252    234
  1697    252    242
  1698    252    247
  1699    252    257
  1700    252    260
  1701    252    272
  1702    252    273
  1703    252    275
  1704    253    235
  1705    253    251
  1706    253    254
  1707    253    265
  1708    253    268
  1709    253    269
  1710    253    286
  1711    253    290
  1712    254    229
  1713    254    230
  1714    254    233
  1715    254    235
  1716    254    237
  1717    254    249
  1718    254    250
  1719    254    251
  1720    254    253
  1721    254    262
  1722    254    265
  1723    254    269
  1724    254    271
  1725    254    278
  1726    255    236
  1727    255    243
  1728    256    231
  1729    256    241
  1730    256    246
  1731    256    247
  1732    256    257
  1733    256    261
  1734    256    266
  1735    256    267
  1736    256    273
  1737    256    274
  1738    257    234
  1739    257    246
  1740    257    252
  1741    257    256
  1742    257    266
  1743    257    273
  1744    257    274
  1745    259    238
  1746    259    241
  1747    259    261
  1748    259    266
  1749    259    274
  1750    259    276
  1751    259    280
  1752    260    239
  1753    260    247
  1754    260    252
  1755    260    267
  1756    260    268
  1757    260    273
  1758    260    275
  1759    260    281
  1760    261    241
  1761    261    245
  1762    261    248
  1763    261    256
  1764    261    259
  1765    261    263
  1766    261    267
  1767    261    274
  1768    261    276
  1769    261    279
  1770    262    229
  1771    262    233
  1772    262    237
  1773    262    245
  1774    262    249
  1775    262    250
  1776    262    254
  1777    262    265
  1778    262    267
  1779    262    270
  1780    262    277
  1781    263    248
  1782    263    261
  1783    263    270
  1784    263    276
  1785    264    244
  1786    264    249
  1787    264    270
  1788    264    277
  1789    264    283
  1790    265    233
  1791    265    237
  1792    265    249
  1793    265    250
  1794    265    251
  1795    265    253
  1796    265    254
  1797    265    262
  1798    265    267
  1799    265    268
  1800    265    269
  1801    265    278
  1802    265    281
  1803    265    282
  1804    265    285
  1805    265    290
  1806    266    246
  1807    266    256
  1808    266    257
  1809    266    259
  1810    266    274
  1811    266    280
  1812    267    256
  1813    267    260
  1814    267    261
  1815    267    262
  1816    267    265
  1817    267    273
  1818    267    274
  1819    267    279
  1820    267    281
  1821    267    285
  1822    267    291
  1823    268    251
  1824    268    253
  1825    268    260
  1826    268    265
  1827    268    269
  1828    268    275
  1829    268    281
  1830    268    286
  1831    268    290
  1832    269    253
  1833    269    254
  1834    269    265
  1835    269    268
  1836    269    278
  1837    269    286
  1838    269    290
  1839    270    248
  1840    270    262
  1841    270    263
  1842    270    264
  1843    270    277
  1844    270    279
  1845    270    288
  1846    270    289
  1847    271    249
  1848    271    250
  1849    271    254
  1850    271    278
  1851    271    282
  1852    271    284
  1853    272    252
  1854    272    275
  1855    272    296
  1856    273    252
  1857    273    256
  1858    273    257
  1859    273    260
  1860    273    267
  1861    273    274
  1862    273    275
  1863    273    291
  1864    273    293
  1865    274    256
  1866    274    257
  1867    274    259
  1868    274    261
  1869    274    266
  1870    274    267
  1871    274    273
  1872    274    276
  1873    274    279
  1874    274    280
  1875    274    291
  1876    274    295
  1877    274    297
  1878    275    252
  1879    275    260
  1880    275    268
  1881    275    272
  1882    275    273
  1883    275    281
  1884    275    293
  1885    275    296
  1886    276    259
  1887    276    261
  1888    276    263
  1889    276    274
  1890    276    279
  1891    276    280
  1892    276    289
  1893    276    292
  1894    276    297
  1895    277    249
  1896    277    262
  1897    277    264
  1898    277    270
  1899    277    284
  1900    277    285
  1901    277    288
  1902    277    299
  1903    277    301
  1904    278    254
  1905    278    265
  1906    278    269
  1907    278    271
  1908    278    282
  1909    278    290
  1910    278    303
  1911    279    261
  1912    279    267
  1913    279    270
  1914    279    274
  1915    279    276
  1916    279    285
  1917    279    289
  1918    279    297
  1919    279    299
  1920    280    259
  1921    280    266
  1922    280    274
  1923    280    276
  1924    280    292
  1925    280    295
  1926    280    297
  1927    281    260
  1928    281    265
  1929    281    267
  1930    281    268
  1931    281    275
  1932    281    285
  1933    281    290
  1934    281    291
  1935    281    298
  1936    282    265
  1937    282    271
  1938    282    278
  1939    282    284
  1940    282    285
  1941    282    290
  1942    282    300
  1943    282    302
  1944    282    303
  1945    283    264
  1946    283    288
  1947    283    301
  1948    284    249
  1949    284    271
  1950    284    277
  1951    284    282
  1952    284    285
  1953    284    299
  1954    284    300
  1955    284    301
  1956    285    265
  1957    285    267
  1958    285    277
  1959    285    279
  1960    285    281
  1961    285    282
  1962    285    284
  1963    285    291
  1964    285    299
  1965    285    300
  1966    285    302
  1967    285    313
  1968    286    253
  1969    286    268
  1970    286    269
  1971    286    290
  1972    287    293
  1973    287    296
  1974    288    270
  1975    288    277
  1976    288    283
  1977    288    289
  1978    288    305
  1979    289    270
  1980    289    276
  1981    289    279
  1982    289    288
  1983    289    297
  1984    289    299
  1985    289    305
  1986    289    307
  1987    290    253
  1988    290    265
  1989    290    268
  1990    290    269
  1991    290    278
  1992    290    281
  1993    290    282
  1994    290    286
  1995    290    298
  1996    290    303
  1997    290    310
  1998    291    267
  1999    291    273
  2000    291    274
  2001    291    281
  2002    291    285
  2003    291    293
  2004    291    295
  2005    291    306
  2006    291    309
  2007    292    276
  2008    292    280
  2009    292    295
  2010    292    297
  2011    292    314
  2012    292    315
  2013    293    273
  2014    293    275
  2015    293    287
  2016    293    291
  2017    293    294
  2018    293    296
  2019    293    298
  2020    293    306
  2021    293    308
  2022    293    312
  2023    294    293
  2024    294    295
  2025    294    306
  2026    295    274
  2027    295    280
  2028    295    291
  2029    295    292
  2030    295    294
  2031    295    297
  2032    295    306
  2033    295    314
  2034    295    315
  2035    296    272
  2036    296    275
  2037    296    287
  2038    296    293
  2039    296    298
  2040    296    308
  2041    296    312
  2042    297    274
  2043    297    276
  2044    297    279
  2045    297    280
  2046    297    289
  2047    297    292
  2048    297    295
  2049    297    299
  2050    297    307
  2051    297    309
  2052    297    315
  2053    298    281
  2054    298    290
  2055    298    293
  2056    298    296
  2057    298    302
  2058    298    310
  2059    298    312
  2060    298    317
  2061    298    318
  2062    299    277
  2063    299    279
  2064    299    284
  2065    299    285
  2066    299    289
  2067    299    297
  2068    299    300
  2069    299    301
  2070    299    305
  2071    299    309
  2072    299    313
  2073    299    316
  2074    300    282
  2075    300    284
  2076    300    285
  2077    300    299
  2078    300    301
  2079    300    302
  2080    300    303
  2081    300    313
  2082    300    319
  2083    301    277
  2084    301    283
  2085    301    284
  2086    301    299
  2087    301    300
  2088    301    311
  2089    301    320
  2090    302    282
  2091    302    285
  2092    302    298
  2093    302    300
  2094    302    303
  2095    302    309
  2096    302    313
  2097    302    318
  2098    302    321
  2099    303    278
  2100    303    282
  2101    303    290
  2102    303    300
  2103    303    302
  2104    303    304
  2105    303    310
  2106    303    319
  2107    303    321
  2108    304    303
  2109    304    310
  2110    305    288
  2111    305    289
  2112    305    299
  2113    305    316
  2114    305    323
  2115    306    291
  2116    306    293
  2117    306    294
  2118    306    295
  2119    306    309
  2120    306    312
  2121    306    314
  2122    306    318
  2123    306    325
  2124    306    329
  2125    307    289
  2126    307    297
  2127    307    315
  2128    307    316
  2129    307    326
  2130    308    293
  2131    308    296
  2132    308    312
  2133    308    324
  2134    309    291
  2135    309    297
  2136    309    299
  2137    309    302
  2138    309    306
  2139    309    313
  2140    309    315
  2141    309    316
  2142    309    325
  2143    309    328
  2144    310    290
  2145    310    298
  2146    310    303
  2147    310    304
  2148    310    317
  2149    310    321
  2150    310    331
  2151    311    301
  2152    311    320
  2153    311    323
  2154    312    293
  2155    312    296
  2156    312    298
  2157    312    306
  2158    312    308
  2159    312    317
  2160    312    318
  2161    312    324
  2162    312    329
  2163    312    334
  2164    313    285
  2165    313    299
  2166    313    300
  2167    313    302
  2168    313    309
  2169    313    316
  2170    313    319
  2171    313    320
  2172    313    328
  2173    313    339
  2174    314    292
  2175    314    295
  2176    314    306
  2177    314    315
  2178    314    325
  2179    314    333
  2180    315    292
  2181    315    295
  2182    315    297
  2183    315    307
  2184    315    309
  2185    315    314
  2186    315    316
  2187    315    325
  2188    315    326
  2189    315    338
  2190    315    340
  2191    316    299
  2192    316    305
  2193    316    307
  2194    316    309
  2195    316    313
  2196    316    315
  2197    316    336
  2198    316    338
  2199    317    298
  2200    317    310
  2201    317    312
  2202    317    318
  2203    317    331
  2204    317    334
  2205    318    298
  2206    318    302
  2207    318    306
  2208    318    312
  2209    318    317
  2210    318    321
  2211    318    328
  2212    318    335
  2213    318    341
  2214    319    300
  2215    319    303
  2216    319    313
  2217    319    321
  2218    319    330
  2219    319    332
  2220    319    339
  2221    319    342
  2222    320    301
  2223    320    311
  2224    320    313
  2225    320    323
  2226    320    332
  2227    320    336
  2228    321    302
  2229    321    303
  2230    321    310
  2231    321    318
  2232    321    319
  2233    321    330
  2234    321    331
  2235    321    339
  2236    321    341
  2237    322    326
  2238    322    337
  2239    322    340
  2240    323    305
  2241    323    311
  2242    323    320
  2243    323    336
  2244    324    308
  2245    324    312
  2246    324    329
  2247    324    334
  2248    324    348
  2249    325    306
  2250    325    309
  2251    325    314
  2252    325    315
  2253    325    328
  2254    325    329
  2255    325    333
  2256    325    335
  2257    325    338
  2258    325    340
  2259    325    351
  2260    326    307
  2261    326    315
  2262    326    322
  2263    326    337
  2264    326    338
  2265    326    340
  2266    326    350
  2267    327    330
  2268    327    331
  2269    327    342
  2270    327    346
  2271    328    309
  2272    328    313
  2273    328    318
  2274    328    325
  2275    328    335
  2276    328    338
  2277    328    339
  2278    328    341
  2279    328    347
  2280    328    351
  2281    328    352
  2282    329    306
  2283    329    312
  2284    329    324
  2285    329    325
  2286    329    333
  2287    329    334
  2288    329    349
  2289    329    353
  2290    330    319
  2291    330    321
  2292    330    327
  2293    330    339
  2294    330    342
  2295    330    346
  2296    331    310
  2297    331    317
  2298    331    321
  2299    331    327
  2300    331    341
  2301    331    345
  2302    331    346
  2303    331    355
  2304    332    319
  2305    332    320
  2306    332    339
  2307    332    342
  2308    332    344
  2309    333    314
  2310    333    325
  2311    333    329
  2312    333    340
  2313    333    353
  2314    333    354
  2315    334    312
  2316    334    317
  2317    334    324
  2318    334    329
  2319    334    345
  2320    334    348
  2321    334    349
  2322    335    318
  2323    335    325
  2324    335    328
  2325    335    341
  2326    335    349
  2327    335    351
  2328    336    316
  2329    336    320
  2330    336    323
  2331    336    343
  2332    336    344
  2333    336    347
  2334    336    358
  2335    337    322
  2336    337    326
  2337    337    340
  2338    337    359
  2339    338    315
  2340    338    316
  2341    338    325
  2342    338    326
  2343    338    328
  2344    338    340
  2345    338    347
  2346    338    350
  2347    339    313
  2348    339    319
  2349    339    321
  2350    339    328
  2351    339    330
  2352    339    332
  2353    339    342
  2354    339    346
  2355    339    347
  2356    339    352
  2357    339    356
  2358    340    315
  2359    340    322
  2360    340    325
  2361    340    326
  2362    340    333
  2363    340    337
  2364    340    338
  2365    340    350
  2366    340    354
  2367    340    359
  2368    341    318
  2369    341    321
  2370    341    328
  2371    341    331
  2372    341    335
  2373    341    345
  2374    341    346
  2375    341    349
  2376    341    352
  2377    341    360
  2378    342    319
  2379    342    327
  2380    342    330
  2381    342    332
  2382    342    339
  2383    342    346
  2384    342    362
  2385    343    336
  2386    343    350
  2387    344    332
  2388    344    336
  2389    344    356
  2390    344    358
  2391    344    363
  2392    345    331
  2393    345    334
  2394    345    341
  2395    345    355
  2396    345    360
  2397    346    327
  2398    346    330
  2399    346    331
  2400    346    339
  2401    346    341
  2402    346    342
  2403    346    352
  2404    346    355
  2405    346    357
  2406    346    360
  2407    346    361
  2408    346    372
  2409    347    328
  2410    347    336
  2411    347    338
  2412    347    339
  2413    347    352
  2414    347    356
  2415    347    358
  2416    347    369
  2417    348    324
  2418    348    334
  2419    348    349
  2420    348    353
  2421    348    368
  2422    349    329
  2423    349    334
  2424    349    335
  2425    349    341
  2426    349    348
  2427    349    351
  2428    349    353
  2429    349    366
  2430    349    367
  2431    350    326
  2432    350    338
  2433    350    340
  2434    350    343
  2435    350    359
  2436    350    364
  2437    350    371
  2438    350    374
  2439    351    325
  2440    351    328
  2441    351    335
  2442    351    349
  2443    351    352
  2444    351    353
  2445    351    354
  2446    351    364
  2447    351    367
  2448    351    384
  2449    352    328
  2450    352    339
  2451    352    341
  2452    352    346
  2453    352    347
  2454    352    351
  2455    352    360
  2456    352    361
  2457    352    377
  2458    353    329
  2459    353    333
  2460    353    348
  2461    353    349
  2462    353    351
  2463    353    354
  2464    353    367
  2465    353    368
  2466    353    382
  2467    353    384
  2468    353    386
  2469    354    333
  2470    354    340
  2471    354    351
  2472    354    353
  2473    354    359
  2474    354    364
  2475    354    370
  2476    354    382
  2477    354    384
  2478    355    331
  2479    355    345
  2480    355    346
  2481    355    357
  2482    355    360
  2483    356    339
  2484    356    344
  2485    356    347
  2486    356    358
  2487    356    361
  2488    356    363
  2489    356    369
  2490    356    378
  2491    356    393
  2492    357    346
  2493    357    355
  2494    357    372
  2495    357    376
  2496    358    336
  2497    358    344
  2498    358    347
  2499    358    356
  2500    358    363
  2501    358    365
  2502    358    369
  2503    358    371
  2504    358    380
  2505    358    389
  2506    359    337
  2507    359    340
  2508    359    350
  2509    359    354
  2510    359    364
  2511    359    370
  2512    359    374
  2513    359    383
  2514    360    341
  2515    360    345
  2516    360    346
  2517    360    352
  2518    360    355
  2519    360    366
  2520    360    367
  2521    360    372
  2522    360    377
  2523    360    379
  2524    360    388
  2525    361    346
  2526    361    352
  2527    361    356
  2528    361    362
  2529    361    369
  2530    361    377
  2531    361    378
  2532    361    391
  2533    362    342
  2534    362    361
  2535    362    372
  2536    362    378
  2537    363    344
  2538    363    356
  2539    363    358
  2540    363    365
  2541    363    369
  2542    363    380
  2543    363    389
  2544    363    393
  2545    364    350
  2546    364    351
  2547    364    354
  2548    364    359
  2549    364    367
  2550    364    371
  2551    364    381
  2552    364    384
  2553    364    387
  2554    365    358
  2555    365    363
  2556    365    380
  2557    366    349
  2558    366    360
  2559    366    367
  2560    366    368
  2561    366    385
  2562    366    388
  2563    367    349
  2564    367    351
  2565    367    353
  2566    367    360
  2567    367    364
  2568    367    366
  2569    367    377
  2570    367    381
  2571    367    382
  2572    367    384
  2573    367    386
  2574    367    388
  2575    368    348
  2576    368    353
  2577    368    366
  2578    368    385
  2579    368    386
  2580    369    347
  2581    369    356
  2582    369    358
  2583    369    361
  2584    369    363
  2585    369    377
  2586    369    378
  2587    369    380
  2588    369    381
  2589    369    389
  2590    369    391
  2591    369    393
  2592    370    354
  2593    370    359
  2594    370    383
  2595    370    384
  2596    370    387
  2597    371    350
  2598    371    358
  2599    371    364
  2600    371    374
  2601    371    387
  2602    371    389
  2603    371    390
  2604    372    346
  2605    372    357
  2606    372    360
  2607    372    362
  2608    372    376
  2609    372    377
  2610    372    379
  2611    372    392
  2612    372    394
  2613    374    350
  2614    374    359
  2615    374    371
  2616    374    387
  2617    376    357
  2618    376    372
  2619    376    379
  2620    376    394
  2621    377    352
  2622    377    360
  2623    377    361
  2624    377    367
  2625    377    369
  2626    377    372
  2627    377    381
  2628    377    391
  2629    377    392
  2630    378    356
  2631    378    361
  2632    378    362
  2633    378    369
  2634    378    391
  2635    378    393
  2636    379    360
  2637    379    372
  2638    379    376
  2639    379    388
  2640    379    392
  2641    380    358
  2642    380    363
  2643    380    365
  2644    380    369
  2645    380    389
  2646    380    393
  2647    381    364
  2648    381    367
  2649    381    369
  2650    381    377
  2651    381    384
  2652    381    386
  2653    381    387
  2654    382    353
  2655    382    354
  2656    382    367
  2657    382    384
  2658    382    386
  2659    383    359
  2660    383    370
  2661    383    387
  2662    384    351
  2663    384    353
  2664    384    354
  2665    384    364
  2666    384    367
  2667    384    370
  2668    384    381
  2669    384    382
  2670    384    386
  2671    385    366
  2672    385    368
  2673    385    386
  2674    385    388
  2675    386    353
  2676    386    367
  2677    386    368
  2678    386    381
  2679    386    382
  2680    386    384
  2681    386    385
  2682    386    388
  2683    387    364
  2684    387    370
  2685    387    371
  2686    387    374
  2687    387    381
  2688    387    383
  2689    387    389
  2690    388    360
  2691    388    366
  2692    388    367
  2693    388    379
  2694    388    385
  2695    388    386
  2696    389    358
  2697    389    363
  2698    389    369
  2699    389    371
  2700    389    380
  2701    389    387
  2702    389    390
  2703    389    391
  2704    389    393
  2705    390    371
  2706    390    389
  2707    391    361
  2708    391    369
  2709    391    377
  2710    391    378
  2711    391    389
  2712    391    393
  2713    392    372
  2714    392    377
  2715    392    379
  2716    393    356
  2717    393    363
  2718    393    369
  2719    393    378
  2720    393    380
  2721    393    389
  2722    393    391
  2723    394    372
  2724    394    376
